0.0198413
0.093998
0.176091
0.238343
0.328373
0.398562
0.472718
0.53497
0.609127
0.703125
0.78125
0.867312
0.953373
1.02356
1.11359
1.156
1.2619
1.32416
1.39831
1.46453
1.58234
1.64856
1.71081
1.77703
1.89484
1.94519
2.03919
2.12525
2.18353
2.24975
2.33581
2.41394
2.48413
2.57019
2.64435
2.73041
2.8244
2.88666
2.95288
3.04291
3.1369
3.20312
3.27331
3.37922
3.43353
3.53547
3.58185
3.656
3.7619
3.82416
3.91022
3.99231
4.0744
4.15253
4.21081
4.281
4.35516
4.44122
4.51935
4.60541
4.70337
4.77356
4.85565
4.906
